   4.9700000e+02
   6.9800000e+02
   2.3310000e+03
   2.8540000e+03
   3.0620000e+03
   3.2830000e+03
   5.7880000e+03
   5.8100000e+03
   5.8820000e+03
   6.9680000e+03
   8.7960000e+03
   1.0084000e+04
   1.0190000e+04
   1.0316000e+04
   1.0790000e+04
   1.1207000e+04
   1.2757000e+04
   1.3239000e+04
   1.5023000e+04
   1.5137000e+04
   1.5170000e+04
   1.5516000e+04
   1.8635000e+04
   2.0308000e+04
   2.0951000e+04
   2.1448000e+04
   2.1659000e+04
   2.1679000e+04
   2.1987000e+04
   2.2154000e+04
   2.2374000e+04
   2.2389000e+04
   2.5819000e+04
   2.7129000e+04
   2.8223000e+04
   2.9560000e+04
   2.9581000e+04
   3.3837000e+04
   3.5384000e+04
   3.6167000e+04
   3.7190000e+04
   3.7690000e+04
   3.9102000e+04
   4.1726000e+04
   4.2677000e+04
   4.2734000e+04
   4.2838000e+04
   4.3463000e+04
   4.3768000e+04
   4.4224000e+04
   4.4663000e+04
   4.5585000e+04
   4.5899000e+04
   4.7788000e+04
   4.7911000e+04
   4.9090000e+04
   5.0820000e+04
   5.0821000e+04
   5.1317000e+04
   5.1934000e+04
   5.2604000e+04
   5.6827000e+04
   5.8118000e+04
   5.8686000e+04
   5.9096000e+04
   6.0842000e+04
   6.1716000e+04
   6.1750000e+04
   6.2190000e+04
   6.2974000e+04
   6.3540000e+04
   6.3644000e+04
   6.4386000e+04
   6.5456000e+04
   6.6101000e+04
   7.0054000e+04
   7.0659000e+04
   7.1380000e+04
   7.1664000e+04
   7.2734000e+04
   7.3106000e+04
   7.5018000e+04
   7.6285000e+04
   7.6352000e+04
   7.6519000e+04
   7.7912000e+04
   7.9220000e+04
   7.9362000e+04
   8.1380000e+04
   8.2282000e+04
   8.4104000e+04
   8.4861000e+04
   8.5841000e+04
   8.9161000e+04
   8.9997000e+04
   9.0278000e+04
   9.1833000e+04
   9.2804000e+04
   9.3120000e+04
   9.3239000e+04
   9.4659000e+04
   9.4832000e+04
   9.5605000e+04
   9.6594000e+04
   9.7394000e+04
   9.7510000e+04
   9.7782000e+04
   9.8356000e+04
   9.9742000e+04
   1.0014100e+05
   1.0144300e+05
   1.0173100e+05
   1.0216000e+05
   1.0421900e+05
   1.0445800e+05
   1.0599200e+05
   1.0721900e+05
   1.0993600e+05
   1.1171300e+05
   1.1246800e+05
   1.1332000e+05
   1.1491800e+05
   1.1549400e+05
   1.1594700e+05
   1.1657100e+05
   1.1674600e+05
   1.1932600e+05
   1.1980300e+05
   1.2094600e+05
   1.2200300e+05
   1.2349500e+05
   1.2425500e+05
   1.2447700e+05
   1.2616400e+05
   1.2686100e+05
   1.2743700e+05
   1.2826100e+05
   1.3010500e+05
   1.3014600e+05
   1.3286000e+05
   1.3318100e+05
   1.3336100e+05
   1.3566500e+05
   1.3708700e+05
   1.3721300e+05
   1.3893000e+05
   1.3921500e+05
   1.4142000e+05
   1.4183700e+05
   1.4233200e+05
   1.4379000e+05
   1.4387100e+05
   1.4446400e+05
   1.4546300e+05
   1.4626000e+05
   1.4705200e+05
   1.4723900e+05
   1.4726000e+05
   1.4784400e+05
   1.4797600e+05
   1.4850600e+05
   1.4999200e+05
   1.5060200e+05
   1.5071200e+05
   1.5147800e+05
   1.5217500e+05
   1.5319500e+05
   1.5388200e+05
   1.5403000e+05
   1.5420100e+05
   1.5423700e+05
   1.5496200e+05
   1.5625500e+05
   1.5654600e+05
   1.5774400e+05
   1.6100700e+05
   1.6581000e+05
   1.6690900e+05
   1.6902100e+05
   1.6921300e+05
   1.6929000e+05
   1.7092300e+05
   1.7390400e+05
   1.7457200e+05
   1.7639400e+05
   1.7743700e+05
   1.7884800e+05
   1.8293000e+05
   1.8304100e+05
   1.8310400e+05
   1.8315900e+05
   1.8441100e+05
   1.8451000e+05
   1.8838500e+05
   1.8850700e+05
   1.9006300e+05
   1.9318000e+05
   1.9406000e+05
   1.9454200e+05
   1.9469900e+05
   1.9725200e+05
   1.9821100e+05
   1.9856000e+05
   1.9857700e+05
   1.9886200e+05
   2.0041900e+05
   2.0270700e+05
   2.0324300e+05
   2.0493100e+05
   2.0496800e+05
   2.0507900e+05
   2.0518400e+05
   2.0530500e+05
   2.0540200e+05
   2.0552400e+05
   2.0588500e+05
   2.0954900e+05
   2.0977500e+05
   2.1699200e+05
   2.1855000e+05
   2.2045600e+05
   2.2098300e+05
   2.2128300e+05
   2.2209500e+05
   2.2242300e+05
   2.2250900e+05
   2.2316800e+05
   2.2371400e+05
   2.2593900e+05
   2.2618600e+05
   2.2629800e+05
   2.2642500e+05
   2.2670200e+05
   2.2978600e+05
   2.3032200e+05
   2.3440900e+05
   2.3496100e+05
   2.3685400e+05
   2.3722800e+05
   2.3792900e+05
   2.4017000e+05
   2.4140200e+05
   2.4152000e+05
   2.4183200e+05
   2.4368200e+05
   2.4415000e+05
   2.4550500e+05
   2.4726200e+05
   2.5026300e+05
   2.5118000e+05
   2.5193800e+05
   2.5408400e+05
   2.5510200e+05
   2.5523100e+05
   2.5846200e+05
   2.5988600e+05
   2.6087600e+05
   2.6198800e+05
   2.6228900e+05
   2.6260900e+05
   2.6303800e+05
   2.6514400e+05
   2.7166500e+05
   2.7575400e+05
   2.7778400e+05
   2.8160200e+05
   2.8260200e+05
   2.8512900e+05
   2.8722000e+05
   2.8825300e+05
   2.8901700e+05
   2.9287600e+05
   2.9302100e+05
   3.0456800e+05
   3.0486700e+05
   3.0592000e+05
   3.0653300e+05
   3.1000100e+05
   3.1034400e+05
   3.1100000e+05
   3.1102200e+05
   3.1204100e+05
   3.1484600e+05
   3.1502600e+05
   3.1648300e+05
   3.1713500e+05
   3.1982500e+05
   3.1996300e+05
   3.2136400e+05
   3.2151900e+05
   3.2205300e+05
   3.2245600e+05
   3.2247000e+05
   3.2257200e+05
   3.2261400e+05
   3.2403300e+05
   3.2461200e+05
   3.2471000e+05
   3.2541200e+05
   3.2879600e+05
   3.3069900e+05
   3.3077300e+05
   3.3077500e+05
   3.3078600e+05
   3.3086200e+05
   3.3130200e+05
   3.3183800e+05
   3.3266300e+05
   3.3449500e+05
   3.3628400e+05
   3.3647500e+05
   3.3684400e+05
   3.3697900e+05
   3.3699800e+05
   3.3723500e+05
   3.3850100e+05
   3.3995300e+05
   3.4101700e+05
   3.4227100e+05
   3.4260400e+05
   3.4303600e+05
   3.4382600e+05
   3.4642500e+05
   3.4644900e+05
   3.4774600e+05
   3.4813900e+05
   3.5057000e+05
   3.5065300e+05
   3.5071700e+05
   3.5072900e+05
   3.5082000e+05
   3.5203300e+05
   3.5203900e+05
   3.5205100e+05
   3.5273100e+05
   3.5544900e+05
   3.5673400e+05
   3.5831300e+05
   3.5848600e+05
   3.5861800e+05
   3.5926100e+05
   3.6163300e+05
   3.6209000e+05
   3.6291300e+05
   3.6357900e+05
   3.6360800e+05
   3.6361000e+05
   3.6381800e+05
   3.6457700e+05
   3.6464900e+05
   3.6489400e+05
   3.6512600e+05
   3.6524900e+05
   3.6604000e+05
   3.6611800e+05
   3.6947000e+05
   3.7160200e+05
   3.7229500e+05
   3.7248800e+05
   3.7346900e+05
   3.7355700e+05
   3.7361400e+05
   3.7363500e+05
   3.7380500e+05
   3.7390200e+05
   3.7392700e+05
   3.7688800e+05
   3.7721700e+05
   3.7850400e+05
   3.7909800e+05
   3.8010000e+05
   3.8176400e+05
   3.8453900e+05
   3.8482800e+05
   3.8857400e+05
   3.9073200e+05
   3.9112800e+05
   3.9122100e+05
   3.9123100e+05
   3.9175400e+05
   3.9258400e+05
   3.9272700e+05
   3.9276100e+05
   3.9321100e+05
   3.9390000e+05
   3.9402200e+05
   3.9409800e+05
   3.9411500e+05
   3.9491300e+05
   3.9928700e+05
   4.0051300e+05
   4.0236800e+05
   4.0468300e+05
   4.0572200e+05
   4.0729100e+05
   4.1018000e+05
   4.1031400e+05
   4.1072600e+05
   4.1204400e+05
   4.1617100e+05
   4.1729800e+05
   4.2059300e+05
   4.2100100e+05
   4.2194500e+05
   4.2205800e+05
   4.2215000e+05
   4.2221100e+05
   4.2282300e+05
   4.2739500e+05
   4.2748700e+05
   4.2770600e+05
   4.3176100e+05
   4.3281000e+05
   4.3281700e+05
   4.3383100e+05
   4.3514500e+05
   4.3523700e+05
   4.3547200e+05
   4.3550200e+05
   4.3604600e+05
   4.3839900e+05
   4.3924300e+05
   4.4259600e+05
   4.4285300e+05
   4.4311100e+05
   4.4318200e+05
   4.4454200e+05
   4.4551000e+05
   4.4675800e+05
   4.4691700e+05
   4.5014700e+05
   4.5084300e+05
   4.5531100e+05
   4.5662800e+05
   4.5889600e+05
   4.6083400e+05
   4.6393400e+05
   4.6459000e+05
   4.6510400e+05
   4.6753700e+05
   4.7041300e+05
   4.7259900e+05
   4.7283300e+05
   4.7297800e+05
   4.7406900e+05
   4.7860900e+05
   4.7902900e+05
   4.7957100e+05
   4.8046400e+05
   4.8253100e+05
   4.8283600e+05
   4.8307400e+05
   4.8309700e+05
   4.8313000e+05
   4.8625200e+05
   4.8714500e+05
   4.8717300e+05
   4.8762500e+05
   4.8778900e+05
   4.8909500e+05
   4.9010800e+05
   4.9190900e+05
   4.9221300e+05
   4.9225700e+05
   4.9375400e+05
   4.9547000e+05
   4.9691100e+05
   4.9720300e+05
   4.9722300e+05
   4.9938300e+05
