   2.5900000e+02
   2.0140000e+03
   2.8460000e+03
   3.1800000e+03
   3.7140000e+03
   5.2760000e+03
   6.8360000e+03
   7.6510000e+03
   9.2790000e+03
   9.3280000e+03
   1.0994000e+04
   1.2405000e+04
   1.2607000e+04
   1.4673000e+04
   1.8182000e+04
   2.0082000e+04
   2.0560000e+04
   2.1186000e+04
   2.2765000e+04
   2.6264000e+04
   2.6798000e+04
   2.6947000e+04
   2.7418000e+04
   2.7896000e+04
   3.0089000e+04
   3.1172000e+04
   3.3796000e+04
   3.5030000e+04
   3.5269000e+04
   3.7923000e+04
   3.9113000e+04
   4.0353000e+04
   4.0521000e+04
   4.0881000e+04
   4.3773000e+04
   4.4222000e+04
   4.5796000e+04
   4.6883000e+04
   4.9063000e+04
   4.9141000e+04
   5.0108000e+04
   5.0214000e+04
   5.0219000e+04
   5.0249000e+04
   5.0295000e+04
   5.0299000e+04
   5.0333000e+04
   5.0352000e+04
   5.0359000e+04
   5.0439000e+04
   5.0496000e+04
   5.0795000e+04
   5.1063000e+04
   5.1068000e+04
   5.1147000e+04
   5.1168000e+04
   5.1176000e+04
   5.1185000e+04
   5.1206000e+04
   5.1318000e+04
   5.1393000e+04
   5.1524000e+04
   5.1549000e+04
   5.1554000e+04
   5.1641000e+04
   5.1801000e+04
   5.1924000e+04
   5.2050000e+04
   5.2192000e+04
   5.2214000e+04
   5.2310000e+04
   5.2316000e+04
   5.2559000e+04
   5.2585000e+04
   5.2697000e+04
   5.2708000e+04
   5.2757000e+04
   5.2845000e+04
   5.2972000e+04
   5.3006000e+04
   5.3046000e+04
   5.3127000e+04
   5.3134000e+04
   5.3280000e+04
   5.3315000e+04
   5.3432000e+04
   5.3434000e+04
   5.3526000e+04
   5.3540000e+04
   5.3562000e+04
   5.3664000e+04
   5.3697000e+04
   5.3765000e+04
   5.3796000e+04
   5.3804000e+04
   5.3827000e+04
   5.3895000e+04
   5.3908000e+04
   5.3914000e+04
   5.3936000e+04
   5.4001000e+04
   5.4019000e+04
   5.4032000e+04
   5.4046000e+04
   5.4147000e+04
   5.4205000e+04
   5.4301000e+04
   5.4423000e+04
   5.4449000e+04
   5.4464000e+04
   5.4544000e+04
   5.4629000e+04
   5.4645000e+04
   5.4666000e+04
   5.4705000e+04
   5.4800000e+04
   5.4845000e+04
   5.4863000e+04
   5.4982000e+04
   5.4987000e+04
   5.5010000e+04
   5.5096000e+04
   5.5107000e+04
   5.5134000e+04
   5.5258000e+04
   5.5392000e+04
   5.5458000e+04
   5.5477000e+04
   5.5666000e+04
   5.5801000e+04
   5.6042000e+04
   5.6070000e+04
   5.6193000e+04
   5.6291000e+04
   5.6310000e+04
   5.6431000e+04
   5.6519000e+04
   5.6529000e+04
   5.6616000e+04
   5.6626000e+04
   5.6645000e+04
   5.6755000e+04
   5.6849000e+04
   5.6918000e+04
   5.7078000e+04
   5.7104000e+04
   5.7135000e+04
   5.7197000e+04
   5.7339000e+04
   5.7344000e+04
   5.7369000e+04
   5.7506000e+04
   5.7525000e+04
   5.7607000e+04
   5.7633000e+04
   5.7742000e+04
   5.7774000e+04
   5.7889000e+04
   5.7938000e+04
   5.8339000e+04
   5.8360000e+04
   5.8403000e+04
   5.8424000e+04
   5.8525000e+04
   5.8587000e+04
   5.8718000e+04
   5.8734000e+04
   5.8924000e+04
   5.9086000e+04
   5.9115000e+04
   5.9212000e+04
   5.9405000e+04
   5.9431000e+04
   5.9743000e+04
   5.9919000e+04
   5.9971000e+04
   5.9987000e+04
   6.0432000e+04
   6.0521000e+04
   6.0640000e+04
   6.1537000e+04
   6.1897000e+04
   6.2448000e+04
   6.2463000e+04
   6.2981000e+04
   6.3060000e+04
   6.3133000e+04
   6.3563000e+04
   6.3606000e+04
   6.3821000e+04
   6.4114000e+04
   6.4249000e+04
   6.4694000e+04
   6.5328000e+04
   6.5608000e+04
   6.6132000e+04
   6.6476000e+04
   6.6612000e+04
   6.6740000e+04
   6.7402000e+04
   6.7526000e+04
   6.7958000e+04
   6.9509000e+04
   6.9860000e+04
   7.1145000e+04
   7.1200000e+04
   7.1207000e+04
   7.1508000e+04
   7.1509000e+04
   7.1567000e+04
   7.1659000e+04
   7.1667000e+04
   7.2022000e+04
   7.4271000e+04
   7.4384000e+04
   7.6451000e+04
   7.7319000e+04
   7.8686000e+04
   7.8780000e+04
   7.9775000e+04
   7.9868000e+04
   8.1105000e+04
   8.2046000e+04
   8.3156000e+04
   8.3472000e+04
   8.3699000e+04
   8.5529000e+04
   8.5768000e+04
   8.6411000e+04
   8.6843000e+04
   8.7827000e+04
   8.8008000e+04
   8.8567000e+04
   8.9615000e+04
   8.9854000e+04
   9.0077000e+04
   9.0244000e+04
   9.0321000e+04
   9.2045000e+04
   9.3011000e+04
   9.3728000e+04
   9.5596000e+04
   9.5981000e+04
   9.6168000e+04
   9.6264000e+04
   9.7655000e+04
   9.8529000e+04
   9.9049000e+04
   9.9587000e+04
   9.9668000e+04
   1.0415800e+05
   1.0445300e+05
   1.0520000e+05
   1.0661800e+05
   1.0753700e+05
   1.0784800e+05
   1.0821700e+05
   1.0869300e+05
   1.0874900e+05
   1.0906900e+05
   1.0970700e+05
   1.1009800e+05
   1.1061900e+05
   1.1069800e+05
   1.1078800e+05
   1.1190300e+05
   1.1310700e+05
   1.1338700e+05
   1.1411500e+05
   1.1482600e+05
   1.1581300e+05
   1.1616900e+05
   1.1686200e+05
   1.1691800e+05
   1.1700900e+05
   1.2155500e+05
   1.2168400e+05
   1.2171500e+05
   1.2192800e+05
   1.2304200e+05
   1.2395400e+05
   1.2580300e+05
   1.2636700e+05
   1.2754300e+05
   1.3414400e+05
   1.3486100e+05
   1.3520300e+05
   1.3561600e+05
   1.3687700e+05
   1.3709300e+05
   1.3824300e+05
   1.3845800e+05
   1.4095400e+05
   1.4163300e+05
   1.4338800e+05
   1.4388700e+05
   1.4459900e+05
   1.4491300e+05
   1.4638000e+05
   1.4817800e+05
   1.5054000e+05
   1.5138400e+05
   1.5166400e+05
   1.5381700e+05
   1.5390700e+05
   1.5403100e+05
   1.5411500e+05
   1.5443800e+05
   1.5483700e+05
   1.5523800e+05
   1.5596600e+05
   1.5782100e+05
   1.5892000e+05
   1.5903900e+05
   1.6065900e+05
   1.6106900e+05
   1.6342600e+05
   1.6402200e+05
   1.6428300e+05
   1.6563900e+05
   1.6791300e+05
   1.6813100e+05
   1.6892500e+05
   1.6977800e+05
   1.7002400e+05
   1.7003800e+05
   1.7021300e+05
   1.7024500e+05
   1.7025300e+05
   1.7043400e+05
   1.7048900e+05
   1.7050400e+05
   1.7051400e+05
   1.7052300e+05
   1.7076000e+05
   1.7077000e+05
   1.7091100e+05
   1.7103800e+05
   1.7128800e+05
   1.7142100e+05
   1.7142900e+05
   1.7190800e+05
   1.7198200e+05
   1.7203500e+05
   1.7205000e+05
   1.7218000e+05
   1.7225500e+05
   1.7226800e+05
   1.7228800e+05
   1.7230000e+05
   1.7255700e+05
   1.7267500e+05
   1.7303500e+05
   1.7304900e+05
   1.7320200e+05
   1.7321100e+05
   1.7341200e+05
   1.7361600e+05
   1.7371000e+05
   1.7379500e+05
   1.7396200e+05
   1.7417800e+05
   1.7441200e+05
   1.7466400e+05
   1.7523700e+05
   1.7590100e+05
   1.7610800e+05
   1.7617200e+05
   1.7637500e+05
   1.7647300e+05
   1.7653300e+05
   1.7661200e+05
   1.7666800e+05
   1.7669400e+05
   1.7677500e+05
   1.7731200e+05
   1.7760100e+05
   1.7814100e+05
   1.7858200e+05
   1.7875400e+05
   1.7886400e+05
   1.7887400e+05
   1.7890700e+05
   1.7943100e+05
   1.7968400e+05
   1.8025900e+05
   1.8040800e+05
   1.8044700e+05
   1.8147200e+05
   1.8221700e+05
   1.8292000e+05
   1.8345500e+05
   1.8356800e+05
   1.8362000e+05
   1.8372400e+05
   1.8406400e+05
   1.8471000e+05
   1.8551700e+05
   1.8611800e+05
   1.8692900e+05
   1.8815900e+05
   1.8836100e+05
   1.8952200e+05
   1.8953100e+05
   1.8955400e+05
   1.8965700e+05
   1.8970300e+05
   1.9108800e+05
   1.9257500e+05
   1.9302200e+05
   1.9347600e+05
   1.9374200e+05
   1.9474800e+05
   1.9536400e+05
   1.9580400e+05
   1.9688700e+05
   1.9781600e+05
   2.0051900e+05
   2.0128200e+05
   2.0156000e+05
   2.0452000e+05
   2.0573800e+05
   2.0661900e+05
   2.0663400e+05
   2.0700400e+05
   2.0709600e+05
   2.0711300e+05
   2.0729500e+05
   2.0907700e+05
   2.0960500e+05
   2.0993500e+05
   2.1005500e+05
   2.1021500e+05
   2.1034300e+05
   2.1048800e+05
   2.1075400e+05
   2.1104100e+05
   2.1113300e+05
   2.1154800e+05
   2.1197700e+05
   2.1202800e+05
   2.1205400e+05
   2.1206100e+05
   2.1213900e+05
   2.1217900e+05
   2.1224000e+05
   2.1237200e+05
   2.1238700e+05
   2.1261800e+05
   2.1276400e+05
   2.1292900e+05
   2.1293600e+05
   2.1297200e+05
   2.1305700e+05
   2.1305800e+05
   2.1318900e+05
   2.1329900e+05
   2.1334900e+05
   2.1335600e+05
   2.1337600e+05
   2.1343200e+05
   2.1349300e+05
   2.1360000e+05
   2.1371900e+05
   2.1376500e+05
   2.1391200e+05
   2.1392500e+05
   2.1394800e+05
   2.1399600e+05
   2.1401500e+05
   2.1413500e+05
   2.1417300e+05
   2.1425200e+05
   2.1439500e+05
   2.1446800e+05
   2.1451000e+05
   2.1470400e+05
   2.1478700e+05
   2.1480300e+05
   2.1487100e+05
   2.1489200e+05
   2.1489900e+05
   2.1501300e+05
   2.1503300e+05
   2.1505800e+05
   2.1507100e+05
   2.1531300e+05
   2.1532800e+05
   2.1551500e+05
   2.1552100e+05
   2.1561900e+05
   2.1565100e+05
   2.1582900e+05
   2.1595500e+05
   2.1608200e+05
   2.1620800e+05
   2.1647200e+05
   2.1649900e+05
   2.1715100e+05
   2.1736200e+05
   2.1754600e+05
   2.1761900e+05
   2.1772100e+05
   2.1772900e+05
   2.1825500e+05
   2.1828800e+05
   2.1829300e+05
   2.1840900e+05
   2.1856200e+05
   2.1863700e+05
   2.1870000e+05
   2.1874600e+05
   2.1878900e+05
   2.1880100e+05
   2.1880900e+05
   2.1901900e+05
   2.1914100e+05
   2.1926400e+05
   2.1939500e+05
   2.1952300e+05
   2.1955700e+05
   2.1956400e+05
   2.1961100e+05
   2.1968800e+05
   2.2002300e+05
   2.2003700e+05
   2.2023800e+05
   2.2039400e+05
   2.2049000e+05
   2.2060400e+05
   2.2063300e+05
   2.2063700e+05
   2.2065600e+05
   2.2068500e+05
   2.2076900e+05
   2.2081600e+05
   2.2096100e+05
   2.2098800e+05
   2.2106000e+05
   2.2106900e+05
   2.2109500e+05
   2.2117400e+05
   2.2118300e+05
   2.2119100e+05
   2.2122200e+05
   2.2130600e+05
   2.2137700e+05
   2.2163300e+05
   2.2164200e+05
   2.2165900e+05
   2.2167400e+05
   2.2178800e+05
   2.2180500e+05
   2.2182400e+05
   2.2192500e+05
   2.2194100e+05
   2.2197500e+05
   2.2203100e+05
   2.2205100e+05
   2.2213500e+05
   2.2215500e+05
   2.2216000e+05
   2.2217500e+05
   2.2232300e+05
   2.2237200e+05
   2.2240500e+05
   2.2244700e+05
   2.2255600e+05
   2.2255700e+05
   2.2259100e+05
   2.2260800e+05
   2.2269300e+05
   2.2270300e+05
   2.2271200e+05
   2.2274200e+05
   2.2281700e+05
   2.2288700e+05
   2.2290900e+05
   2.2303700e+05
   2.2304700e+05
   2.2319000e+05
   2.2325800e+05
   2.2333500e+05
   2.2334800e+05
   2.2337200e+05
   2.2344000e+05
   2.2345700e+05
   2.2346400e+05
   2.2360800e+05
   2.2366300e+05
   2.2368700e+05
   2.2373500e+05
   2.2374900e+05
   2.2376900e+05
   2.2386000e+05
   2.2387100e+05
   2.2388600e+05
   2.2402500e+05
   2.2406100e+05
   2.2415300e+05
   2.2417400e+05
   2.2418600e+05
   2.2428200e+05
   2.2444500e+05
   2.2446500e+05
   2.2447600e+05
   2.2454300e+05
   2.2458100e+05
   2.2463800e+05
   2.2470500e+05
   2.2475000e+05
   2.2475400e+05
   2.2476700e+05
   2.2483300e+05
   2.2487000e+05
   2.2488800e+05
   2.2491200e+05
   2.2492200e+05
   2.2502600e+05
   2.2503300e+05
   2.2505800e+05
   2.2518000e+05
   2.2518800e+05
   2.2526400e+05
   2.2531500e+05
   2.2533500e+05
   2.2543500e+05
   2.2544700e+05
   2.2546200e+05
   2.2557900e+05
   2.2559400e+05
   2.2560700e+05
   2.2561700e+05
   2.2565600e+05
   2.2570800e+05
   2.2572100e+05
   2.2572400e+05
   2.2573500e+05
   2.2574600e+05
   2.2584700e+05
   2.2588100e+05
   2.2589100e+05
   2.2601000e+05
   2.2609800e+05
   2.2610500e+05
   2.2613300e+05
   2.2618400e+05
   2.2645700e+05
   2.2654000e+05
   2.2656600e+05
   2.2657600e+05
   2.2659100e+05
   2.2668400e+05
   2.2676100e+05
   2.2681700e+05
   2.2691100e+05
   2.2695600e+05
   2.2698500e+05
   2.2699900e+05
   2.2708600e+05
   2.2725800e+05
   2.2739700e+05
   2.2742900e+05
   2.2752900e+05
   2.2761400e+05
   2.2762600e+05
   2.2765200e+05
   2.2766300e+05
   2.2768200e+05
   2.2781800e+05
   2.2792000e+05
   2.2794700e+05
   2.2805800e+05
   2.2810200e+05
   2.2818400e+05
   2.2819700e+05
   2.2821900e+05
   2.2823200e+05
   2.2827100e+05
   2.2832600e+05
   2.2836400e+05
   2.2838400e+05
   2.2848300e+05
   2.2850600e+05
   2.2851300e+05
   2.2853200e+05
   2.2855000e+05
   2.2877200e+05
   2.2879100e+05
   2.2880100e+05
   2.2894000e+05
   2.2902000e+05
   2.2909300e+05
   2.2917700e+05
   2.2918400e+05
   2.2920500e+05
   2.2931300e+05
   2.2931800e+05
   2.2933200e+05
   2.2934200e+05
   2.2946500e+05
   2.2949500e+05
   2.2958200e+05
   2.2961800e+05
   2.2963000e+05
   2.2974200e+05
   2.2985200e+05
   2.2987900e+05
   2.2989400e+05
   2.2990500e+05
   2.2999300e+05
   2.3001600e+05
   2.3002400e+05
   2.3010300e+05
   2.3010900e+05
   2.3013300e+05
   2.3016000e+05
   2.3024700e+05
   2.3032900e+05
   2.3039500e+05
   2.3041600e+05
   2.3044700e+05
   2.3052500e+05
   2.3054000e+05
   2.3056900e+05
   2.3062600e+05
   2.3067000e+05
   2.3085000e+05
   2.3087500e+05
   2.3089200e+05
   2.3101600e+05
   2.3112100e+05
   2.3114900e+05
   2.3122100e+05
   2.3138200e+05
   2.3142400e+05
   2.3147500e+05
   2.3149100e+05
   2.3154900e+05
   2.3160400e+05
   2.3162300e+05
   2.3164100e+05
   2.3166300e+05
   2.3175100e+05
   2.3176500e+05
   2.3180700e+05
   2.3183000e+05
   2.3195700e+05
   2.3198200e+05
   2.3198900e+05
   2.3202200e+05
   2.3205700e+05
   2.3206600e+05
   2.3207900e+05
   2.3209500e+05
   2.3211200e+05
   2.3215400e+05
   2.3224000e+05
   2.3241400e+05
   2.3243300e+05
   2.3244700e+05
   2.3252000e+05
   2.3254100e+05
   2.3266900e+05
   2.3281300e+05
   2.3283400e+05
   2.3291500e+05
   2.3292600e+05
   2.3322500e+05
   2.3326800e+05
   2.3330400e+05
   2.3336600e+05
   2.3340700e+05
   2.3348000e+05
   2.3349100e+05
   2.3357700e+05
   2.3358600e+05
   2.3370100e+05
   2.3380200e+05
   2.3404500e+05
   2.3410200e+05
   2.3417800e+05
   2.3419000e+05
   2.3420100e+05
   2.3421900e+05
   2.3431600e+05
   2.3432900e+05
   2.3433900e+05
   2.3437300e+05
   2.3448300e+05
   2.3449400e+05
   2.3451900e+05
   2.3474900e+05
   2.3476500e+05
   2.3477900e+05
   2.3484900e+05
   2.3486600e+05
   2.3499000e+05
   2.3527000e+05
   2.3531200e+05
   2.3534100e+05
   2.3537000e+05
   2.3538600e+05
   2.3540500e+05
   2.3541500e+05
   2.3558900e+05
   2.3562700e+05
   2.3567000e+05
   2.3570500e+05
   2.3571800e+05
   2.3571900e+05
   2.3572900e+05
   2.3580800e+05
   2.3581800e+05
   2.3584600e+05
   2.3586200e+05
   2.3595100e+05
   2.3598500e+05
   2.3603600e+05
   2.3604100e+05
   2.3605300e+05
   2.3608000e+05
   2.3611600e+05
   2.3621800e+05
   2.3623600e+05
   2.3625400e+05
   2.3628700e+05
   2.3630200e+05
   2.3660100e+05
   2.3662200e+05
   2.3687400e+05
   2.3690500e+05
   2.3729900e+05
   2.3735600e+05
   2.3737000e+05
   2.3740100e+05
   2.3741800e+05
   2.3754500e+05
   2.3756800e+05
   2.3859300e+05
   2.3905900e+05
   2.3915600e+05
   2.4005400e+05
   2.4058200e+05
   2.4094900e+05
   2.4134300e+05
   2.4220900e+05
   2.4280500e+05
   2.4373200e+05
   2.4749500e+05
   2.4775600e+05
   2.4814200e+05
   2.4999400e+05
   2.5020100e+05
   2.5095500e+05
   2.5287400e+05
   2.5352500e+05
   2.5469800e+05
   2.5922700e+05
   2.5961900e+05
   2.5994000e+05
   2.6242600e+05
   2.6275100e+05
   2.6294100e+05
   2.6365000e+05
   2.6491300e+05
   2.6728000e+05
   2.6826900e+05
   2.6869300e+05
   2.6982900e+05
   2.7082600e+05
   2.7122900e+05
   2.7454700e+05
   2.7567000e+05
   2.7598600e+05
   2.7607200e+05
   2.7617100e+05
   2.7665700e+05
   2.8275700e+05
   2.8295100e+05
   2.8611800e+05
   2.8622700e+05
   2.8636700e+05
   2.8686700e+05
   2.8876900e+05
   2.9056400e+05
   2.9131300e+05
   2.9143800e+05
   2.9149600e+05
   2.9191500e+05
   2.9244000e+05
   2.9297800e+05
   2.9301200e+05
   2.9310300e+05
   2.9326000e+05
   2.9330400e+05
   2.9342000e+05
   2.9347300e+05
   2.9520000e+05
   2.9535400e+05
   2.9560800e+05
   2.9580600e+05
   2.9607200e+05
   2.9731300e+05
   2.9735400e+05
   2.9774900e+05
   2.9779400e+05
   2.9785300e+05
   2.9798000e+05
   2.9816600e+05
   2.9821700e+05
   2.9927800e+05
   2.9942700e+05
   3.0009200e+05
   3.0009600e+05
   3.0032300e+05
   3.0179000e+05
   3.0286400e+05
   3.0348500e+05
   3.0365400e+05
   3.0500400e+05
   3.0540900e+05
   3.0559300e+05
   3.0579200e+05
   3.0584900e+05
   3.0600000e+05
   3.0622600e+05
   3.0631700e+05
   3.0688700e+05
   3.0758800e+05
   3.0853600e+05
   3.0861800e+05
   3.0874600e+05
   3.0885500e+05
   3.0915000e+05
   3.0925300e+05
   3.0943200e+05
   3.0957400e+05
   3.0969800e+05
   3.1013700e+05
   3.1028800e+05
   3.1110200e+05
   3.1154900e+05
   3.1162800e+05
   3.1194400e+05
   3.1221100e+05
   3.1271600e+05
   3.1273700e+05
   3.1284200e+05
   3.1314600e+05
   3.1349400e+05
   3.1753100e+05
   3.1863700e+05
   3.1866100e+05
   3.1876200e+05
   3.1888500e+05
   3.1896200e+05
   3.1946900e+05
   3.2004800e+05
   3.2017400e+05
   3.2019400e+05
   3.2030000e+05
   3.2039300e+05
   3.2041000e+05
   3.2066300e+05
   3.2068200e+05
   3.2080200e+05
   3.2094900e+05
   3.2154400e+05
   3.2159200e+05
   3.2162400e+05
   3.2207100e+05
   3.2253900e+05
   3.2282100e+05
   3.2293000e+05
   3.2297300e+05
   3.2303100e+05
   3.2308400e+05
   3.2318000e+05
   3.2337600e+05
   3.2372800e+05
   3.2381400e+05
   3.2382900e+05
   3.2384700e+05
   3.2483800e+05
   3.2556700e+05
   3.2585800e+05
   3.2597700e+05
   3.3563100e+05
   3.3585500e+05
   3.4563000e+05
   3.4572200e+05
   3.4596800e+05
   3.4718800e+05
   3.4741200e+05
   3.4754900e+05
   3.4816400e+05
   3.4828000e+05
   3.4855300e+05
   3.4875900e+05
   3.4906100e+05
   3.4906700e+05
   3.4930400e+05
   3.4970500e+05
   3.5013000e+05
   3.5014100e+05
   3.5037700e+05
   3.5087200e+05
   3.5096800e+05
   3.5099500e+05
   3.5100800e+05
   3.5131300e+05
   3.5134400e+05
   3.5200000e+05
   3.5208700e+05
   3.5226000e+05
   3.5388900e+05
   3.5404400e+05
   3.5433000e+05
   3.5488700e+05
   3.5490000e+05
   3.5571300e+05
   3.5665200e+05
   3.5668300e+05
   3.5669800e+05
   3.5680300e+05
   3.5682600e+05
   3.5726100e+05
   3.5730300e+05
   3.5740400e+05
   3.5741300e+05
   3.5758000e+05
   3.5797700e+05
   3.5801600e+05
   3.5808800e+05
   3.5820200e+05
   3.5850500e+05
   3.5851200e+05
   3.5879400e+05
   3.5906800e+05
   3.5911500e+05
   3.5922100e+05
   3.5925000e+05
   3.5925200e+05
   3.5929300e+05
   3.5937100e+05
   3.5988400e+05
   3.6021600e+05
   3.6043700e+05
   3.6044700e+05
   3.6046600e+05
   3.6054600e+05
   3.6061000e+05
   3.6146900e+05
   3.6150500e+05
   3.6193400e+05
   3.6197100e+05
   3.6200500e+05
   3.6219800e+05
   3.6313100e+05
   3.6461500e+05
   3.6481800e+05
   3.6573200e+05
   3.6618100e+05
   3.6636600e+05
   3.6642900e+05
   3.7029600e+05
   3.7089900e+05
   3.7094000e+05
   3.7119800e+05
   3.7133000e+05
   3.7271300e+05
   3.7277300e+05
   3.7499400e+05
   3.7881800e+05
   3.7918900e+05
   3.8025300e+05
   3.8072000e+05
   3.8325600e+05
   3.8377300e+05
   3.8497700e+05
   3.8794900e+05
   3.8831700e+05
   3.9148500e+05
   3.9160200e+05
   3.9426500e+05
   3.9455000e+05
   3.9487400e+05
   3.9800200e+05
   3.9839700e+05
   3.9945100e+05
   4.0115500e+05
   4.0136900e+05
   4.0195300e+05
   4.0237500e+05
   4.0352100e+05
   4.0954300e+05
   4.1056100e+05
   4.1076400e+05
   4.1077300e+05
   4.1183000e+05
   4.1184600e+05
   4.1212500e+05
   4.1268400e+05
   4.1342800e+05
   4.1392000e+05
   4.1399900e+05
   4.1439900e+05
   4.1457400e+05
   4.1461700e+05
   4.1526500e+05
   4.1560300e+05
   4.1573500e+05
   4.1575000e+05
   4.1588200e+05
   4.1593000e+05
   4.1620600e+05
   4.1699700e+05
   4.1702900e+05
   4.1735400e+05
   4.1741700e+05
   4.1758200e+05
   4.1779500e+05
   4.1807700e+05
   4.1813800e+05
   4.1817900e+05
   4.1861600e+05
   4.1881300e+05
   4.1896900e+05
   4.1960500e+05
   4.1974100e+05
   4.2001700e+05
   4.2023000e+05
   4.2040900e+05
   4.2046700e+05
   4.2052100e+05
   4.2057600e+05
   4.2065400e+05
   4.2070200e+05
   4.2118500e+05
   4.2122900e+05
   4.2197000e+05
   4.2278100e+05
   4.2340800e+05
   4.2341200e+05
   4.2346200e+05
   4.2472100e+05
   4.2482400e+05
   4.2552100e+05
   4.2912000e+05
   4.3081000e+05
   4.3211600e+05
   4.3271900e+05
   4.4407800e+05
   4.4411000e+05
   4.4455900e+05
   4.4492800e+05
   4.4500800e+05
   4.4534200e+05
   4.4566500e+05
   4.4567200e+05
   4.4678400e+05
   4.4694100e+05
   4.4732200e+05
   4.4749900e+05
   4.4793200e+05
   4.4900500e+05
   4.4918300e+05
   4.4934800e+05
   4.5299900e+05
   4.5401700e+05
   4.5624500e+05
   4.5703200e+05
   4.5958400e+05
   4.6245200e+05
   4.6566600e+05
   4.6593700e+05
   4.6599300e+05
   4.6968300e+05
   4.6972500e+05
   4.7149700e+05
   4.7273500e+05
   4.7565200e+05
   4.7613500e+05
   4.7749600e+05
   4.7850700e+05
   4.8055600e+05
   4.8276500e+05
   4.8300400e+05
   4.8332600e+05
   4.8603500e+05
   4.8676300e+05
   4.8745900e+05
   4.8866800e+05
   4.8970800e+05
   4.9111600e+05
   4.9133100e+05
   4.9191700e+05
   4.9941600e+05
   4.9963400e+05
